A - B : auto

1. ( -2452.44990333 ,  -503.453639894 )
2. ( -2878.2808392 ,  475.306098396 )
3. ( -2316.57627088 ,  192.698086009 )
4. ( -2310.97404224 ,  -247.677470668 )
5. ( -2910.21765429 ,  -664.083027447 )
6. ( -2922.95052644 ,  -948.651619867 )
7. ( -2804.52351952 ,  -617.21288384 )
8.( -2854.06727989 ,  -650.391565161 )
9.( -2671.62811972 ,  -45.4158937157 )
10.( -2535.28766785 ,  338.791461116 )

A - B : manuel

1. ( -2040.17896956 ,  -187.36508733 ) 
2. ( -2091.61330145 ,  -375.389139065 )
3. ( -2223.83656509 ,  -199.272744273 )
4. ( -2207.12655374 ,  -47.6523475431 )
5. ( -2534.15005358 ,  77.4758557626 )
6. ( -2238.36040339 ,  -683.932502561 )
7. ( -1962.88860705 ,  -348.602963172 )
8. ( -2536.02290712 ,  219.618174438 )
9. ( -2191.13333484 ,  -30.37713123 ) 
10.( -1810.46645298 ,  87.3410288021 )